0.
1.62576e-06
3.24992e-06
4.87088e-06
6.48702e-06
8.09676e-06
9.69852e-06
1.12907e-05
1.28717e-05
1.44401e-05
1.59942e-05
1.75325e-05
1.90535e-05
2.05557e-05
2.20376e-05
2.34977e-05
2.49347e-05
2.63471e-05
2.77334e-05
2.90924e-05
3.04227e-05
3.1723e-05
3.29919e-05
3.42283e-05
3.54309e-05
3.65986e-05
3.77301e-05
3.88244e-05
3.98804e-05
4.0897e-05
4.18733e-05
4.28082e-05
4.37009e-05
4.45504e-05
4.5356e-05
4.61169e-05
4.68322e-05
4.75013e-05
4.81235e-05
4.86983e-05
4.9225e-05
4.97031e-05
5.01321e-05
5.05117e-05
5.08414e-05
5.1121e-05
5.13501e-05
5.15285e-05
5.16561e-05
5.17326e-05
5.17582e-05
5.17326e-05
5.16561e-05
5.15285e-05
5.13501e-05
5.1121e-05
5.08414e-05
5.05117e-05
5.01321e-05
4.97031e-05
4.9225e-05
4.86983e-05
4.81235e-05
4.75013e-05
4.68322e-05
4.61169e-05
4.5356e-05
4.45504e-05
4.37009e-05
4.28082e-05
4.18733e-05
4.0897e-05
3.98804e-05
3.88244e-05
3.77301e-05
3.65986e-05
3.54309e-05
3.42283e-05
3.29919e-05
3.1723e-05
3.04227e-05
2.90924e-05
2.77334e-05
2.63471e-05
2.49347e-05
2.34977e-05
2.20376e-05
2.05557e-05
1.90535e-05
1.75325e-05
1.59942e-05
1.44401e-05
1.28717e-05
1.12907e-05
9.69852e-06
8.09676e-06
6.48702e-06
4.87088e-06
3.24992e-06
1.62576e-06
0.

