0.
1.62535e-07
3.25068e-07
4.87598e-07
6.50123e-07
8.12642e-07
9.75152e-07
1.13765e-06
1.30014e-06
1.46262e-06
1.62508e-06
1.78753e-06
1.94996e-06
2.11237e-06
2.27476e-06
2.43712e-06
2.59947e-06
2.76178e-06
2.92407e-06
3.08633e-06
3.24856e-06
3.41076e-06
3.57292e-06
3.73505e-06
3.89715e-06
4.0592e-06
4.22121e-06
4.38318e-06
4.54511e-06
4.707e-06
4.86883e-06
5.03062e-06
5.19236e-06
5.35405e-06
5.51569e-06
5.67727e-06
5.83879e-06
6.00026e-06
6.16167e-06
6.32302e-06
6.4843e-06
6.64552e-06
6.80668e-06
6.96777e-06
7.12879e-06
7.28974e-06
7.45061e-06
7.61142e-06
7.77215e-06
7.9328e-06
8.09337e-06
8.25387e-06
8.41428e-06
8.57461e-06
8.73485e-06
8.89501e-06
9.05508e-06
9.21506e-06
9.37495e-06
9.53475e-06
9.69445e-06
9.85406e-06
1.00136e-05
1.0173e-05
1.03323e-05
1.04915e-05
1.06506e-05
1.08096e-05
1.09685e-05
1.11273e-05
1.1286e-05
1.14445e-05
1.1603e-05
1.17613e-05
1.19195e-05
1.20776e-05
1.22356e-05
1.23935e-05
1.25512e-05
1.27089e-05
1.28663e-05
1.30237e-05
1.31809e-05
1.33381e-05
1.3495e-05
1.36519e-05
1.38086e-05
1.39651e-05
1.41216e-05
1.42779e-05
1.4434e-05
1.459e-05
1.47459e-05
1.49016e-05
1.50572e-05
1.52126e-05
1.53679e-05
1.5523e-05
1.5678e-05
1.58328e-05
1.59875e-05
1.6142e-05
1.62963e-05
1.64505e-05
1.66045e-05
1.67584e-05
1.6912e-05
1.70656e-05
1.72189e-05
1.73721e-05
1.75251e-05
1.7678e-05
1.78306e-05
1.79831e-05
1.81354e-05
1.82876e-05
1.84395e-05
1.85913e-05
1.87429e-05
1.88943e-05
1.90455e-05
1.91965e-05
1.93473e-05
1.9498e-05
1.96484e-05
1.97987e-05
1.99488e-05
2.00986e-05
2.02483e-05
2.03978e-05
2.0547e-05
2.06961e-05
2.0845e-05
2.09936e-05
2.11421e-05
2.12903e-05
2.14383e-05
2.15862e-05
2.17338e-05
2.18812e-05
2.20283e-05
2.21753e-05
2.2322e-05
2.24685e-05
2.26148e-05
2.27609e-05
2.29068e-05
2.30524e-05
2.31978e-05
2.33429e-05
2.34879e-05
2.36326e-05
2.37771e-05
2.39213e-05
2.40653e-05
2.4209e-05
2.43526e-05
2.44959e-05
2.46389e-05
2.47817e-05
2.49242e-05
2.50666e-05
2.52086e-05
2.53504e-05
2.5492e-05
2.56333e-05
2.57744e-05
2.59152e-05
2.60557e-05
2.6196e-05
2.6336e-05
2.64758e-05
2.66153e-05
2.67545e-05
2.68935e-05
2.70322e-05
2.71707e-05
2.73089e-05
2.74468e-05
2.75844e-05
2.77218e-05
2.78589e-05
2.79957e-05
2.81323e-05
2.82685e-05
2.84045e-05
2.85402e-05
2.86757e-05
2.88108e-05
2.89457e-05
2.90802e-05
2.92145e-05
2.93485e-05
2.94822e-05
2.96156e-05
2.97488e-05
2.98816e-05
3.00141e-05
3.01464e-05
3.02783e-05
3.041e-05
3.05413e-05
3.06723e-05
3.08031e-05
3.09335e-05
3.10636e-05
3.11935e-05
3.1323e-05
3.14522e-05
3.15811e-05
3.17097e-05
3.18379e-05
3.19659e-05
3.20935e-05
3.22209e-05
3.23479e-05
3.24746e-05
3.26009e-05
3.2727e-05
3.28527e-05
3.29781e-05
3.31032e-05
3.32279e-05
3.33523e-05
3.34764e-05
3.36002e-05
3.37236e-05
3.38467e-05
3.39694e-05
3.40919e-05
3.4214e-05
3.43357e-05
3.44571e-05
3.45782e-05
3.46989e-05
3.48193e-05
3.49394e-05
3.50591e-05
3.51784e-05
3.52974e-05
3.54161e-05
3.55344e-05
3.56523e-05
3.57699e-05
3.58872e-05
3.60041e-05
3.61206e-05
3.62368e-05
3.63526e-05
3.64681e-05
3.65832e-05
3.6698e-05
3.68124e-05
3.69264e-05
3.704e-05
3.71533e-05
3.72663e-05
3.73788e-05
3.7491e-05
3.76028e-05
3.77143e-05
3.78254e-05
3.79361e-05
3.80464e-05
3.81563e-05
3.82659e-05
3.83751e-05
3.84839e-05
3.85924e-05
3.87004e-05
3.88081e-05
3.89154e-05
3.90223e-05
3.91289e-05
3.9235e-05
3.93407e-05
3.94461e-05
3.95511e-05
3.96557e-05
3.97599e-05
3.98637e-05
3.99671e-05
4.00701e-05
4.01727e-05
4.02749e-05
4.03767e-05
4.04782e-05
4.05792e-05
4.06798e-05
4.078e-05
4.08799e-05
4.09793e-05
4.10783e-05
4.11769e-05
4.12751e-05
4.13729e-05
4.14703e-05
4.15672e-05
4.16638e-05
4.176e-05
4.18557e-05
4.1951e-05
4.20459e-05
4.21404e-05
4.22345e-05
4.23282e-05
4.24215e-05
4.25143e-05
4.26067e-05
4.26987e-05
4.27903e-05
4.28814e-05
4.29721e-05
4.30624e-05
4.31523e-05
4.32417e-05
4.33308e-05
4.34194e-05
4.35075e-05
4.35953e-05
4.36826e-05
4.37694e-05
4.38559e-05
4.39419e-05
4.40275e-05
4.41126e-05
4.41973e-05
4.42816e-05
4.43654e-05
4.44488e-05
4.45318e-05
4.46143e-05
4.46964e-05
4.4778e-05
4.48592e-05
4.494e-05
4.50203e-05
4.51001e-05
4.51795e-05
4.52585e-05
4.5337e-05
4.54151e-05
4.54927e-05
4.55699e-05
4.56467e-05
4.57229e-05
4.57988e-05
4.58741e-05
4.59491e-05
4.60235e-05
4.60976e-05
4.61711e-05
4.62442e-05
4.63169e-05
4.63891e-05
4.64608e-05
4.65321e-05
4.66029e-05
4.66733e-05
4.67431e-05
4.68126e-05
4.68816e-05
4.69501e-05
4.70181e-05
4.70857e-05
4.71528e-05
4.72195e-05
4.72857e-05
4.73514e-05
4.74166e-05
4.74814e-05
4.75457e-05
4.76096e-05
4.76729e-05
4.77359e-05
4.77983e-05
4.78603e-05
4.79217e-05
4.79828e-05
4.80433e-05
4.81034e-05
4.8163e-05
4.82221e-05
4.82807e-05
4.83389e-05
4.83966e-05
4.84538e-05
4.85105e-05
4.85668e-05
4.86226e-05
4.86779e-05
4.87327e-05
4.8787e-05
4.88409e-05
4.88943e-05
4.89471e-05
4.89995e-05
4.90515e-05
4.91029e-05
4.91539e-05
4.92043e-05
4.92543e-05
4.93038e-05
4.93528e-05
4.94013e-05
4.94494e-05
4.94969e-05
4.9544e-05
4.95906e-05
4.96366e-05
4.96822e-05
4.97273e-05
4.97719e-05
4.98161e-05
4.98597e-05
4.99028e-05
4.99455e-05
4.99876e-05
5.00293e-05
5.00704e-05
5.01111e-05
5.01513e-05
5.0191e-05
5.02301e-05
5.02688e-05
5.0307e-05
5.03447e-05
5.03819e-05
5.04186e-05
5.04548e-05
5.04905e-05
5.05257e-05
5.05604e-05
5.05946e-05
5.06283e-05
5.06616e-05
5.06943e-05
5.07265e-05
5.07582e-05
5.07894e-05
5.08201e-05
5.08503e-05
5.088e-05
5.09092e-05
5.09379e-05
5.09661e-05
5.09938e-05
5.1021e-05
5.10477e-05
5.10739e-05
5.10995e-05
5.11247e-05
5.11494e-05
5.11735e-05
5.11972e-05
5.12204e-05
5.1243e-05
5.12651e-05
5.12868e-05
5.13079e-05
5.13285e-05
5.13487e-05
5.13683e-05
5.13874e-05
5.1406e-05
5.14241e-05
5.14416e-05
5.14587e-05
5.14753e-05
5.14913e-05
5.15069e-05
5.15219e-05
5.15365e-05
5.15505e-05
5.1564e-05
5.1577e-05
5.15895e-05
5.16015e-05
5.1613e-05
5.16239e-05
5.16344e-05
5.16444e-05
5.16538e-05
5.16627e-05
5.16712e-05
5.16791e-05
5.16865e-05
5.16934e-05
5.16997e-05
5.17056e-05
5.1711e-05
5.17158e-05
5.17202e-05
5.1724e-05
5.17273e-05
5.17301e-05
5.17324e-05
5.17342e-05
5.17355e-05
5.17362e-05
5.17365e-05
5.17362e-05
5.17355e-05
5.17342e-05
5.17324e-05
5.17301e-05
5.17273e-05
5.1724e-05
5.17202e-05
5.17158e-05
5.1711e-05
5.17056e-05
5.16997e-05
5.16934e-05
5.16865e-05
5.16791e-05
5.16712e-05
5.16627e-05
5.16538e-05
5.16444e-05
5.16344e-05
5.16239e-05
5.1613e-05
5.16015e-05
5.15895e-05
5.1577e-05
5.1564e-05
5.15505e-05
5.15365e-05
5.15219e-05
5.15069e-05
5.14913e-05
5.14753e-05
5.14587e-05
5.14416e-05
5.14241e-05
5.1406e-05
5.13874e-05
5.13683e-05
5.13487e-05
5.13285e-05
5.13079e-05
5.12868e-05
5.12651e-05
5.1243e-05
5.12204e-05
5.11972e-05
5.11735e-05
5.11494e-05
5.11247e-05
5.10995e-05
5.10739e-05
5.10477e-05
5.1021e-05
5.09938e-05
5.09661e-05
5.09379e-05
5.09092e-05
5.088e-05
5.08503e-05
5.08201e-05
5.07894e-05
5.07582e-05
5.07265e-05
5.06943e-05
5.06616e-05
5.06283e-05
5.05946e-05
5.05604e-05
5.05257e-05
5.04905e-05
5.04548e-05
5.04186e-05
5.03819e-05
5.03447e-05
5.0307e-05
5.02688e-05
5.02301e-05
5.0191e-05
5.01513e-05
5.01111e-05
5.00704e-05
5.00293e-05
4.99876e-05
4.99455e-05
4.99028e-05
4.98597e-05
4.98161e-05
4.97719e-05
4.97273e-05
4.96822e-05
4.96366e-05
4.95906e-05
4.9544e-05
4.94969e-05
4.94494e-05
4.94013e-05
4.93528e-05
4.93038e-05
4.92543e-05
4.92043e-05
4.91539e-05
4.91029e-05
4.90515e-05
4.89995e-05
4.89471e-05
4.88943e-05
4.88409e-05
4.8787e-05
4.87327e-05
4.86779e-05
4.86226e-05
4.85668e-05
4.85105e-05
4.84538e-05
4.83966e-05
4.83389e-05
4.82807e-05
4.82221e-05
4.8163e-05
4.81034e-05
4.80433e-05
4.79828e-05
4.79217e-05
4.78603e-05
4.77983e-05
4.77359e-05
4.76729e-05
4.76096e-05
4.75457e-05
4.74814e-05
4.74166e-05
4.73514e-05
4.72857e-05
4.72195e-05
4.71528e-05
4.70857e-05
4.70181e-05
4.69501e-05
4.68816e-05
4.68126e-05
4.67431e-05
4.66733e-05
4.66029e-05
4.65321e-05
4.64608e-05
4.63891e-05
4.63169e-05
4.62442e-05
4.61711e-05
4.60976e-05
4.60235e-05
4.59491e-05
4.58741e-05
4.57988e-05
4.57229e-05
4.56467e-05
4.55699e-05
4.54927e-05
4.54151e-05
4.5337e-05
4.52585e-05
4.51795e-05
4.51001e-05
4.50203e-05
4.494e-05
4.48592e-05
4.4778e-05
4.46964e-05
4.46143e-05
4.45318e-05
4.44488e-05
4.43654e-05
4.42816e-05
4.41973e-05
4.41126e-05
4.40275e-05
4.39419e-05
4.38559e-05
4.37694e-05
4.36826e-05
4.35953e-05
4.35075e-05
4.34194e-05
4.33308e-05
4.32417e-05
4.31523e-05
4.30624e-05
4.29721e-05
4.28814e-05
4.27903e-05
4.26987e-05
4.26067e-05
4.25143e-05
4.24215e-05
4.23282e-05
4.22345e-05
4.21404e-05
4.20459e-05
4.1951e-05
4.18557e-05
4.176e-05
4.16638e-05
4.15672e-05
4.14703e-05
4.13729e-05
4.12751e-05
4.11769e-05
4.10783e-05
4.09793e-05
4.08799e-05
4.078e-05
4.06798e-05
4.05792e-05
4.04782e-05
4.03767e-05
4.02749e-05
4.01727e-05
4.00701e-05
3.99671e-05
3.98637e-05
3.97599e-05
3.96557e-05
3.95511e-05
3.94461e-05
3.93407e-05
3.9235e-05
3.91289e-05
3.90223e-05
3.89154e-05
3.88081e-05
3.87004e-05
3.85924e-05
3.84839e-05
3.83751e-05
3.82659e-05
3.81563e-05
3.80464e-05
3.79361e-05
3.78254e-05
3.77143e-05
3.76028e-05
3.7491e-05
3.73788e-05
3.72663e-05
3.71533e-05
3.704e-05
3.69264e-05
3.68124e-05
3.6698e-05
3.65832e-05
3.64681e-05
3.63526e-05
3.62368e-05
3.61206e-05
3.60041e-05
3.58872e-05
3.57699e-05
3.56523e-05
3.55344e-05
3.54161e-05
3.52974e-05
3.51784e-05
3.50591e-05
3.49394e-05
3.48193e-05
3.46989e-05
3.45782e-05
3.44571e-05
3.43357e-05
3.4214e-05
3.40919e-05
3.39694e-05
3.38467e-05
3.37236e-05
3.36002e-05
3.34764e-05
3.33523e-05
3.32279e-05
3.31032e-05
3.29781e-05
3.28527e-05
3.2727e-05
3.26009e-05
3.24746e-05
3.23479e-05
3.22209e-05
3.20935e-05
3.19659e-05
3.18379e-05
3.17097e-05
3.15811e-05
3.14522e-05
3.1323e-05
3.11935e-05
3.10636e-05
3.09335e-05
3.08031e-05
3.06723e-05
3.05413e-05
3.041e-05
3.02783e-05
3.01464e-05
3.00141e-05
2.98816e-05
2.97488e-05
2.96156e-05
2.94822e-05
2.93485e-05
2.92145e-05
2.90802e-05
2.89457e-05
2.88108e-05
2.86757e-05
2.85402e-05
2.84045e-05
2.82685e-05
2.81323e-05
2.79957e-05
2.78589e-05
2.77218e-05
2.75844e-05
2.74468e-05
2.73089e-05
2.71707e-05
2.70322e-05
2.68935e-05
2.67545e-05
2.66153e-05
2.64758e-05
2.6336e-05
2.6196e-05
2.60557e-05
2.59152e-05
2.57744e-05
2.56333e-05
2.5492e-05
2.53504e-05
2.52086e-05
2.50666e-05
2.49242e-05
2.47817e-05
2.46389e-05
2.44959e-05
2.43526e-05
2.4209e-05
2.40653e-05
2.39213e-05
2.37771e-05
2.36326e-05
2.34879e-05
2.33429e-05
2.31978e-05
2.30524e-05
2.29068e-05
2.27609e-05
2.26148e-05
2.24685e-05
2.2322e-05
2.21753e-05
2.20283e-05
2.18812e-05
2.17338e-05
2.15862e-05
2.14383e-05
2.12903e-05
2.11421e-05
2.09936e-05
2.0845e-05
2.06961e-05
2.0547e-05
2.03978e-05
2.02483e-05
2.00986e-05
1.99488e-05
1.97987e-05
1.96484e-05
1.9498e-05
1.93473e-05
1.91965e-05
1.90455e-05
1.88943e-05
1.87429e-05
1.85913e-05
1.84395e-05
1.82876e-05
1.81354e-05
1.79831e-05
1.78306e-05
1.7678e-05
1.75251e-05
1.73721e-05
1.72189e-05
1.70656e-05
1.6912e-05
1.67584e-05
1.66045e-05
1.64505e-05
1.62963e-05
1.6142e-05
1.59875e-05
1.58328e-05
1.5678e-05
1.5523e-05
1.53679e-05
1.52126e-05
1.50572e-05
1.49016e-05
1.47459e-05
1.459e-05
1.4434e-05
1.42779e-05
1.41216e-05
1.39651e-05
1.38086e-05
1.36519e-05
1.3495e-05
1.33381e-05
1.31809e-05
1.30237e-05
1.28663e-05
1.27089e-05
1.25512e-05
1.23935e-05
1.22356e-05
1.20776e-05
1.19195e-05
1.17613e-05
1.1603e-05
1.14445e-05
1.1286e-05
1.11273e-05
1.09685e-05
1.08096e-05
1.06506e-05
1.04915e-05
1.03323e-05
1.0173e-05
1.00136e-05
9.85406e-06
9.69445e-06
9.53475e-06
9.37495e-06
9.21506e-06
9.05508e-06
8.89501e-06
8.73485e-06
8.57461e-06
8.41428e-06
8.25387e-06
8.09337e-06
7.9328e-06
7.77215e-06
7.61142e-06
7.45061e-06
7.28974e-06
7.12879e-06
6.96777e-06
6.80668e-06
6.64552e-06
6.4843e-06
6.32302e-06
6.16167e-06
6.00026e-06
5.83879e-06
5.67727e-06
5.51569e-06
5.35405e-06
5.19236e-06
5.03062e-06
4.86883e-06
4.707e-06
4.54511e-06
4.38318e-06
4.22121e-06
4.0592e-06
3.89715e-06
3.73505e-06
3.57292e-06
3.41076e-06
3.24856e-06
3.08633e-06
2.92407e-06
2.76178e-06
2.59947e-06
2.43712e-06
2.27476e-06
2.11237e-06
1.94996e-06
1.78753e-06
1.62508e-06
1.46262e-06
1.30014e-06
1.13765e-06
9.75152e-07
8.12642e-07
6.50123e-07
4.87598e-07
3.25068e-07
1.62535e-07
0.
0.
3.25076e-07
6.50139e-07
9.75176e-07
1.30017e-06
1.62512e-06
1.95001e-06
2.27481e-06
2.59953e-06
2.92414e-06
3.24864e-06
3.57301e-06
3.89724e-06
4.22132e-06
4.54522e-06
4.86895e-06
5.19249e-06
5.51582e-06
5.83894e-06
6.16182e-06
6.48446e-06
6.80684e-06
7.12896e-06
7.45079e-06
7.77234e-06
8.09357e-06
8.41448e-06
8.73506e-06
9.0553e-06
9.37518e-06
9.69469e-06
1.00138e-05
1.03325e-05
1.06509e-05
1.09688e-05
1.12862e-05
1.16033e-05
1.19198e-05
1.22359e-05
1.25515e-05
1.28667e-05
1.31813e-05
1.34954e-05
1.38089e-05
1.41219e-05
1.44344e-05
1.47463e-05
1.50576e-05
1.53683e-05
1.56784e-05
1.59878e-05
1.62967e-05
1.66049e-05
1.69125e-05
1.72193e-05
1.75255e-05
1.78311e-05
1.81359e-05
1.844e-05
1.87433e-05
1.90459e-05
1.93478e-05
1.96489e-05
1.99493e-05
2.02488e-05
2.05475e-05
2.08455e-05
2.11426e-05
2.14389e-05
2.17343e-05
2.20289e-05
2.23226e-05
2.26154e-05
2.29073e-05
2.31983e-05
2.34885e-05
2.37776e-05
2.40659e-05
2.43532e-05
2.46395e-05
2.49249e-05
2.52092e-05
2.54926e-05
2.5775e-05
2.60563e-05
2.63367e-05
2.66159e-05
2.68942e-05
2.71714e-05
2.74475e-05
2.77225e-05
2.79964e-05
2.82692e-05
2.85409e-05
2.88115e-05
2.90809e-05
2.93492e-05
2.96164e-05
2.98823e-05
3.01471e-05
3.04107e-05
3.06731e-05
3.09343e-05
3.11942e-05
3.1453e-05
3.17104e-05
3.19667e-05
3.22216e-05
3.24753e-05
3.27278e-05
3.29789e-05
3.32287e-05
3.34772e-05
3.37244e-05
3.39703e-05
3.42148e-05
3.4458e-05
3.46998e-05
3.49402e-05
3.51793e-05
3.54169e-05
3.56532e-05
3.58881e-05
3.61215e-05
3.63535e-05
3.65841e-05
3.68133e-05
3.70409e-05
3.72672e-05
3.74919e-05
3.77152e-05
3.7937e-05
3.81573e-05
3.83761e-05
3.85933e-05
3.88091e-05
3.90233e-05
3.92359e-05
3.94471e-05
3.96566e-05
3.98646e-05
4.00711e-05
4.02759e-05
4.04791e-05
4.06808e-05
4.08808e-05
4.10793e-05
4.12761e-05
4.14713e-05
4.16648e-05
4.18567e-05
4.2047e-05
4.22356e-05
4.24225e-05
4.26077e-05
4.27913e-05
4.29732e-05
4.31533e-05
4.33318e-05
4.35086e-05
4.36836e-05
4.3857e-05
4.40285e-05
4.41984e-05
4.43665e-05
4.45329e-05
4.46975e-05
4.48603e-05
4.50214e-05
4.51806e-05
4.53381e-05
4.54939e-05
4.56478e-05
4.57999e-05
4.59502e-05
4.60987e-05
4.62454e-05
4.63902e-05
4.65332e-05
4.66744e-05
4.68137e-05
4.69512e-05
4.70868e-05
4.72206e-05
4.73525e-05
4.74826e-05
4.76107e-05
4.7737e-05
4.78614e-05
4.79839e-05
4.81046e-05
4.82233e-05
4.83401e-05
4.8455e-05
4.8568e-05
4.86791e-05
4.87882e-05
4.88954e-05
4.90007e-05
4.91041e-05
4.92055e-05
4.9305e-05
4.94025e-05
4.94981e-05
4.95918e-05
4.96834e-05
4.97732e-05
4.98609e-05
4.99467e-05
5.00305e-05
5.01123e-05
5.01922e-05
5.027e-05
5.03459e-05
5.04198e-05
5.04917e-05
5.05617e-05
5.06296e-05
5.06955e-05
5.07594e-05
5.08213e-05
5.08812e-05
5.09392e-05
5.0995e-05
5.10489e-05
5.11008e-05
5.11506e-05
5.11984e-05
5.12443e-05
5.1288e-05
5.13298e-05
5.13695e-05
5.14072e-05
5.14429e-05
5.14765e-05
5.15081e-05
5.15377e-05
5.15653e-05
5.15908e-05
5.16142e-05
5.16357e-05
5.16551e-05
5.16724e-05
5.16877e-05
5.1701e-05
5.17122e-05
5.17214e-05
5.17286e-05
5.17337e-05
5.17367e-05
5.17378e-05
5.17367e-05
5.17337e-05
5.17286e-05
5.17214e-05
5.17122e-05
5.1701e-05
5.16877e-05
5.16724e-05
5.16551e-05
5.16357e-05
5.16142e-05
5.15908e-05
5.15653e-05
5.15377e-05
5.15081e-05
5.14765e-05
5.14429e-05
5.14072e-05
5.13695e-05
5.13298e-05
5.1288e-05
5.12443e-05
5.11984e-05
5.11506e-05
5.11008e-05
5.10489e-05
5.0995e-05
5.09392e-05
5.08812e-05
5.08213e-05
5.07594e-05
5.06955e-05
5.06296e-05
5.05617e-05
5.04917e-05
5.04198e-05
5.03459e-05
5.027e-05
5.01922e-05
5.01123e-05
5.00305e-05
4.99467e-05
4.98609e-05
4.97732e-05
4.96834e-05
4.95918e-05
4.94981e-05
4.94025e-05
4.9305e-05
4.92055e-05
4.91041e-05
4.90007e-05
4.88954e-05
4.87882e-05
4.86791e-05
4.8568e-05
4.8455e-05
4.83401e-05
4.82233e-05
4.81046e-05
4.79839e-05
4.78614e-05
4.7737e-05
4.76107e-05
4.74826e-05
4.73525e-05
4.72206e-05
4.70868e-05
4.69512e-05
4.68137e-05
4.66744e-05
4.65332e-05
4.63902e-05
4.62454e-05
4.60987e-05
4.59502e-05
4.57999e-05
4.56478e-05
4.54939e-05
4.53381e-05
4.51806e-05
4.50214e-05
4.48603e-05
4.46975e-05
4.45329e-05
4.43665e-05
4.41984e-05
4.40285e-05
4.3857e-05
4.36836e-05
4.35086e-05
4.33318e-05
4.31533e-05
4.29732e-05
4.27913e-05
4.26077e-05
4.24225e-05
4.22356e-05
4.2047e-05
4.18567e-05
4.16648e-05
4.14713e-05
4.12761e-05
4.10793e-05
4.08808e-05
4.06808e-05
4.04791e-05
4.02759e-05
4.00711e-05
3.98646e-05
3.96566e-05
3.94471e-05
3.92359e-05
3.90233e-05
3.88091e-05
3.85933e-05
3.83761e-05
3.81573e-05
3.7937e-05
3.77152e-05
3.74919e-05
3.72672e-05
3.70409e-05
3.68133e-05
3.65841e-05
3.63535e-05
3.61215e-05
3.58881e-05
3.56532e-05
3.54169e-05
3.51793e-05
3.49402e-05
3.46998e-05
3.4458e-05
3.42148e-05
3.39703e-05
3.37244e-05
3.34772e-05
3.32287e-05
3.29789e-05
3.27278e-05
3.24753e-05
3.22216e-05
3.19667e-05
3.17104e-05
3.1453e-05
3.11942e-05
3.09343e-05
3.06731e-05
3.04107e-05
3.01471e-05
2.98823e-05
2.96164e-05
2.93492e-05
2.90809e-05
2.88115e-05
2.85409e-05
2.82692e-05
2.79964e-05
2.77225e-05
2.74475e-05
2.71714e-05
2.68942e-05
2.66159e-05
2.63367e-05
2.60563e-05
2.5775e-05
2.54926e-05
2.52092e-05
2.49249e-05
2.46395e-05
2.43532e-05
2.40659e-05
2.37776e-05
2.34885e-05
2.31983e-05
2.29073e-05
2.26154e-05
2.23226e-05
2.20289e-05
2.17343e-05
2.14389e-05
2.11426e-05
2.08455e-05
2.05475e-05
2.02488e-05
1.99493e-05
1.96489e-05
1.93478e-05
1.90459e-05
1.87433e-05
1.844e-05
1.81359e-05
1.78311e-05
1.75255e-05
1.72193e-05
1.69125e-05
1.66049e-05
1.62967e-05
1.59878e-05
1.56784e-05
1.53683e-05
1.50576e-05
1.47463e-05
1.44344e-05
1.41219e-05
1.38089e-05
1.34954e-05
1.31813e-05
1.28667e-05
1.25515e-05
1.22359e-05
1.19198e-05
1.16033e-05
1.12862e-05
1.09688e-05
1.06509e-05
1.03325e-05
1.00138e-05
9.69469e-06
9.37518e-06
9.0553e-06
8.73506e-06
8.41448e-06
8.09357e-06
7.77234e-06
7.45079e-06
7.12896e-06
6.80684e-06
6.48446e-06
6.16182e-06
5.83894e-06
5.51582e-06
5.19249e-06
4.86895e-06
4.54522e-06
4.22132e-06
3.89724e-06
3.57301e-06
3.24864e-06
2.92414e-06
2.59953e-06
2.27481e-06
1.95001e-06
1.62512e-06
1.30017e-06
9.75176e-07
6.50139e-07
3.25076e-07
0.
0.
8.128e-07
1.6254e-06
2.4376e-06
3.24919e-06
4.05999e-06
4.86978e-06
5.67837e-06
6.48557e-06
7.29116e-06
8.09495e-06
8.89674e-06
9.69634e-06
1.04935e-05
1.12882e-05
1.208e-05
1.28689e-05
1.36545e-05
1.44368e-05
1.52156e-05
1.59906e-05
1.67616e-05
1.75285e-05
1.82911e-05
1.90492e-05
1.98026e-05
2.0551e-05
2.12945e-05
2.20326e-05
2.27653e-05
2.34925e-05
2.42138e-05
2.49291e-05
2.56383e-05
2.63412e-05
2.70375e-05
2.77272e-05
2.84101e-05
2.90859e-05
2.97546e-05
3.04159e-05
3.10697e-05
3.17158e-05
3.23542e-05
3.29845e-05
3.36067e-05
3.42206e-05
3.48261e-05
3.5423e-05
3.60111e-05
3.65904e-05
3.71606e-05
3.77216e-05
3.82734e-05
3.88157e-05
3.93484e-05
3.98714e-05
4.03846e-05
4.08878e-05
4.13809e-05
4.18639e-05
4.23364e-05
4.27986e-05
4.32502e-05
4.36911e-05
4.41212e-05
4.45405e-05
4.49487e-05
4.53459e-05
4.57318e-05
4.61065e-05
4.64699e-05
4.68217e-05
4.7162e-05
4.74907e-05
4.78076e-05
4.81128e-05
4.8406e-05
4.86874e-05
4.89567e-05
4.92139e-05
4.9459e-05
4.96919e-05
4.99125e-05
5.01209e-05
5.03168e-05
5.05004e-05
5.06714e-05
5.083e-05
5.0976e-05
5.11095e-05
5.12303e-05
5.13385e-05
5.14341e-05
5.15169e-05
5.15871e-05
5.16445e-05
5.16891e-05
5.1721e-05
5.17402e-05
5.17466e-05
5.17402e-05
5.1721e-05
5.16891e-05
5.16445e-05
5.15871e-05
5.15169e-05
5.14341e-05
5.13385e-05
5.12303e-05
5.11095e-05
5.0976e-05
5.083e-05
5.06714e-05
5.05004e-05
5.03168e-05
5.01209e-05
4.99125e-05
4.96919e-05
4.9459e-05
4.92139e-05
4.89567e-05
4.86874e-05
4.8406e-05
4.81128e-05
4.78076e-05
4.74907e-05
4.7162e-05
4.68217e-05
4.64699e-05
4.61065e-05
4.57318e-05
4.53459e-05
4.49487e-05
4.45405e-05
4.41212e-05
4.36911e-05
4.32502e-05
4.27986e-05
4.23364e-05
4.18639e-05
4.13809e-05
4.08878e-05
4.03846e-05
3.98714e-05
3.93484e-05
3.88157e-05
3.82734e-05
3.77216e-05
3.71606e-05
3.65904e-05
3.60111e-05
3.5423e-05
3.48261e-05
3.42206e-05
3.36067e-05
3.29845e-05
3.23542e-05
3.17158e-05
3.10697e-05
3.04159e-05
2.97546e-05
2.90859e-05
2.84101e-05
2.77272e-05
2.70375e-05
2.63412e-05
2.56383e-05
2.49291e-05
2.42138e-05
2.34925e-05
2.27653e-05
2.20326e-05
2.12945e-05
2.0551e-05
1.98026e-05
1.90492e-05
1.82911e-05
1.75285e-05
1.67616e-05
1.59906e-05
1.52156e-05
1.44368e-05
1.36545e-05
1.28689e-05
1.208e-05
1.12882e-05
1.04935e-05
9.69634e-06
8.89674e-06
8.09495e-06
7.29116e-06
6.48557e-06
5.67837e-06
4.86978e-06
4.05999e-06
3.24919e-06
2.4376e-06
1.6254e-06
8.128e-07
0.
0.
1.62639e-06
3.25117e-06
4.87275e-06
6.48951e-06
8.09988e-06
9.70225e-06
1.1295e-05
1.28767e-05
1.44456e-05
1.60003e-05
1.75392e-05
1.90608e-05
2.05636e-05
2.2046e-05
2.35068e-05
2.49443e-05
2.63572e-05
2.77441e-05
2.91036e-05
3.04344e-05
3.17352e-05
3.30046e-05
3.42415e-05
3.54445e-05
3.66126e-05
3.77446e-05
3.88393e-05
3.98957e-05
4.09127e-05
4.18894e-05
4.28246e-05
4.37177e-05
4.45676e-05
4.53735e-05
4.61346e-05
4.68502e-05
4.75196e-05
4.8142e-05
4.8717e-05
4.92439e-05
4.97222e-05
5.01514e-05
5.05311e-05
5.0861e-05
5.11406e-05
5.13698e-05
5.15483e-05
5.16759e-05
5.17525e-05
5.17781e-05
5.17525e-05
5.16759e-05
5.15483e-05
5.13698e-05
5.11406e-05
5.0861e-05
5.05311e-05
5.01514e-05
4.97222e-05
4.92439e-05
4.8717e-05
4.8142e-05
4.75196e-05
4.68502e-05
4.61346e-05
4.53735e-05
4.45676e-05
4.37177e-05
4.28246e-05
4.18894e-05
4.09127e-05
3.98957e-05
3.88393e-05
3.77446e-05
3.66126e-05
3.54445e-05
3.42415e-05
3.30046e-05
3.17352e-05
3.04344e-05
2.91036e-05
2.77441e-05
2.63572e-05
2.49443e-05
2.35068e-05
2.2046e-05
2.05636e-05
1.90608e-05
1.75392e-05
1.60003e-05
1.44456e-05
1.28767e-05
1.1295e-05
9.70225e-06
8.09988e-06
6.48951e-06
4.87275e-06
3.25117e-06
1.62639e-06
0.
0.
3.2591e-06
6.50533e-06
9.7259e-06
1.29081e-05
1.60393e-05
1.91072e-05
2.20998e-05
2.50051e-05
2.78117e-05
3.05086e-05
3.3085e-05
3.55309e-05
3.78366e-05
3.99929e-05
4.19915e-05
4.38242e-05
4.54841e-05
4.69644e-05
4.82594e-05
4.93639e-05
5.02736e-05
5.09849e-05
5.1495e-05
5.18019e-05
5.19043e-05
5.18019e-05
5.1495e-05
5.09849e-05
5.02736e-05
4.93639e-05
4.82594e-05
4.69644e-05
4.54841e-05
4.38242e-05
4.19915e-05
3.99929e-05
3.78366e-05
3.55309e-05
3.3085e-05
3.05086e-05
2.78117e-05
2.50051e-05
2.20998e-05
1.91072e-05
1.60393e-05
1.29081e-05
9.7259e-06
6.50533e-06
3.2591e-06
0.
0.
8.25907e-06
1.63148e-05
2.39688e-05
3.10325e-05
3.73322e-05
4.27126e-05
4.70413e-05
5.02117e-05
5.21457e-05
5.27957e-05
5.21457e-05
5.02117e-05
4.70413e-05
4.27126e-05
3.73322e-05
3.10325e-05
2.39688e-05
1.63148e-05
8.25907e-06
0.
0.
1.73344e-05
3.29721e-05
4.53822e-05
5.33499e-05
5.60954e-05
5.33499e-05
4.53822e-05
3.29721e-05
1.73344e-05
0.

